0.00681
14.623639
24.773848
28.000938
33.658672
35.290792
47.225664
63.595226
69.555972
117.528187
141.651372
154.161427
22428.483899
22440.740069
35432.305525
40268.540381
40276.811557
40328.123728
40368.678704
40374.266156
40393.310685
40434.50166
40445.552937
40496.778611
40502.461761
40511.640891
40547.645816
40553.783691
40568.569945
40574.351695
40656.165303
40674.253897
41116.695277
41124.016003
41143.051929
41161.487131
41165.302297
41200.723958
41235.726758
41241.220639
41254.017346
41261.22087
41284.611281
41753.5052
41774.113199
41801.767584
41803.138707
